1 0.953465 0.151888 0.064409 0.161416
1 0.849459 0.151106 0.069705 0.162979
1 0.750207 0.147153 0.073917 0.161386
1 0.649902 0.143982 0.069685 0.158230
1 0.563839 0.143201 0.060197 0.153481
1 0.475138 0.140811 0.068622 0.155074
1 0.388553 0.137640 0.072854 0.148732
1 0.312008 0.136062 0.059134 0.145575
1 0.238622 0.129735 0.068622 0.158230
1 0.156063 0.127832 0.064409 0.151888
1 0.072047 0.119130 0.074016 0.159794
1 0.051526 0.244838 0.102421 0.234336
1 0.182982 0.260664 0.114035 0.246991
1 0.320246 0.283614 0.109823 0.261209
1 0.443258 0.315265 0.119311 0.273894
1 0.574183 0.341372 0.121437 0.291298
1 0.746299 0.383304 0.144646 0.330855
1 0.956949 0.427684 0.084488 0.362330
1 0.647037 0.438673 0.148878 0.371976
1 0.383602 0.441062 0.147835 0.373569
1 0.116988 0.449749 0.146772 0.378319
1 0.162913 0.664808 0.233150 0.567906
1 0.519596 0.648673 0.231870 0.577404
1 0.886407 0.637271 0.223012 0.573599
