1 0.470286 0.765962 0.189093 0.460799
1 0.493136 0.546361 0.104576 0.276450
1 0.425740 0.468861 0.071440 0.171746
1 0.456450 0.440592 0.044694 0.141834
1 0.586755 0.387796 0.028895 0.092988
1 0.633245 0.378728 0.030473 0.081183
1 0.667396 0.369675 0.028363 0.067751
1 0.684448 0.364512 0.023688 0.065473
1 0.706272 0.355518 0.021302 0.055888
1 0.719063 0.352855 0.018521 0.049083
1 0.726923 0.347914 0.018028 0.045237
1 0.734517 0.344970 0.011045 0.041716
1 0.743501 0.341864 0.011854 0.040828
1 0.748432 0.338018 0.012249 0.038462
1 0.973087 0.389349 0.023688 0.063018
1 0.951045 0.378107 0.018067 0.051775
1 0.930394 0.364349 0.017160 0.036095
1 0.891065 0.341435 0.007692 0.020740
1 0.883176 0.339970 0.007692 0.020710
