1 0.064333 0.127389 0.073412 0.166588
1 0.870343 0.148665 0.074490 0.156855
1 0.751569 0.147849 0.074510 0.158487
1 0.641980 0.147077 0.062627 0.166558
1 0.694882 0.730356 0.205137 0.496736
1 0.636578 0.559614 0.155471 0.406884
1 0.596627 0.445237 0.125255 0.354570
1 0.024069 0.137226 0.048137 0.160148
1 0.120480 0.126602 0.058294 0.158487
1 0.172843 0.120890 0.061529 0.163383
1 0.224127 0.116810 0.056137 0.155223
1 0.277039 0.114362 0.060471 0.153591
1 0.332637 0.118442 0.061549 0.148694
1 0.383392 0.123338 0.048588 0.151958
1 0.412000 0.138042 0.041020 0.165045
1 0.469225 0.120074 0.030216 0.155223
1 0.436824 0.156024 0.064784 0.178101
1 0.461667 0.180534 0.073412 0.178101
1 0.489206 0.194421 0.070176 0.186291
1 0.512951 0.230371 0.087471 0.218961
1 0.528069 0.267122 0.104725 0.240178
1 0.550745 0.309614 0.119843 0.266350
1 0.576088 0.366810 0.127471 0.312077
